Otu678	JX827264.1	86.5	274	35	1	1	337	1	598	-1	0
Otu694	JX827264.1	87.6	274	33	1	1	337	1	598	-1	0
Otu647	JX827264.1	86.1	274	38	0	1	450	1	598	-1	0
Otu796	JX827264.1	82.4	296	30	1	1	451	1	598	-1	0
Otu857	JX827264.1	85.7	286	27	3	1	449	1	598	-1	0
Otu807	JX827264.1	83.1	296	28	1	1	451	1	598	-1	0
Otu970	JX827264.1	85.4	274	40	0	1	450	1	598	-1	0
Otu773	JX827264.1	86.2	289	22	4	1	451	1	598	-1	0
Otu1011	JX827264.1	86.5	274	35	1	1	337	1	598	-1	0
Otu1052	JX827264.1	82.7	295	30	1	1	450	1	598	-1	0
Otu1109	JX827264.1	87.3	275	34	1	1	337	1	598	-1	0
Otu922	JX827264.1	82.8	296	29	1	1	451	1	598	-1	0
Otu1161	JX827264.1	86.9	274	34	1	1	337	1	598	-1	0
Otu1299	JX827264.1	86.1	274	30	1	1	337	1	598	-1	0
Otu1307	JX827264.1	82.7	295	30	1	1	450	1	598	-1	0
Otu1338	JX827264.1	86.9	274	34	1	1	337	1	598	-1	0
Otu1352	JX827264.1	84.6	293	26	2	1	448	1	598	-1	0
Otu1378	JX827264.1	84.1	290	30	1	1	451	1	598	-1	0
Otu1383	JX827264.1	84.3	293	27	2	1	448	1	598	-1	0
Otu1394	JX827264.1	84.0	294	27	2	1	449	1	598	-1	0
Otu1382	JX827264.1	82.4	296	30	1	1	451	1	598	-1	0
Otu1472	JX827264.1	82.7	295	30	1	1	450	1	598	-1	0
Otu1514	JX827264.1	82.8	296	29	1	1	451	1	598	-1	0
Otu1523	JX827264.1	83.7	294	28	2	1	449	1	598	-1	0
Otu1734	JX827264.1	82.8	296	29	1	1	451	1	598	-1	0
Otu2044	JX827264.1	86.9	274	34	1	1	337	1	598	-1	0
Otu2087	JX827264.1	86.1	274	30	1	1	337	1	598	-1	0
Otu2135	JX827264.1	86.1	274	26	1	1	338	1	598	-1	0
Otu2149	JX827264.1	86.1	274	25	1	1	449	1	598	-1	0
Otu2263	JX827264.1	82.7	295	30	1	1	450	1	598	-1	0
Otu2292	JX827264.1	87.2	274	34	1	1	337	1	598	-1	0
Otu2171	JX827264.1	86.1	274	25	1	1	450	1	598	-1	0
Otu2344	JX827264.1	83.0	294	30	1	1	449	1	598	-1	0
Otu2360	JX827264.1	84.3	293	27	2	1	448	1	598	-1	0
Otu2485	JX827264.1	87.2	274	34	1	1	337	1	598	-1	0
Otu2496	JX827264.1	87.3	276	31	2	1	449	1	598	-1	0
Otu2588	JX827264.1	85.8	274	26	1	1	338	1	598	-1	0
Otu2620	JX827264.1	87.2	274	34	1	1	337	1	598	-1	0
Otu2698	JX827264.1	87.6	274	32	1	1	448	1	598	-1	0
Otu2699	JX827264.1	86.5	274	24	1	1	449	1	598	-1	0
Otu2971	JX827264.1	86.1	274	25	1	1	450	1	598	-1	0
Otu3097	JX827264.1	87.2	274	33	1	1	448	1	598	-1	0
Otu3100	JX827264.1	84.1	290	30	1	1	451	1	598	-1	0
Otu3101	JX827264.1	87.2	274	20	1	1	452	1	598	-1	0
Otu3216	JX827264.1	83.8	290	31	1	1	451	1	598	-1	0
Otu3223	JX827264.1	85.8	274	26	1	1	450	1	598	-1	0
Otu3299	JX827264.1	86.9	275	35	1	1	337	1	598	-1	0
Otu3290	JX827264.1	85.8	274	26	1	1	450	1	598	-1	0
Otu3300	JX827264.1	84.1	290	30	1	1	451	1	598	-1	0
Otu3441	JX827264.1	84.1	290	30	1	1	451	1	598	-1	0
Otu3438	JX827264.1	85.3	279	36	1	1	449	1	598	-1	0
Otu3455	JX827264.1	85.8	274	26	1	1	450	1	598	-1	0
Otu3488	JX827264.1	85.8	274	26	1	1	450	1	598	-1	0
Otu3524	JX827264.1	86.1	274	25	1	1	449	1	598	-1	0
Otu3528	JX827264.1	85.8	274	26	1	1	450	1	598	-1	0
Otu3575	JX827264.1	85.8	288	27	2	1	451	1	598	-1	0
Otu3629	JX827264.1	86.1	274	26	1	1	338	1	598	-1	0
Otu3642	JX827264.1	83.8	290	31	1	1	451	1	598	-1	0
Otu3731	JX827264.1	85.2	290	27	2	1	451	1	598	-1	0
Otu3768	JX827264.1	85.8	274	26	1	1	450	1	598	-1	0
Otu3821	JX827264.1	84.1	290	30	1	1	451	1	598	-1	0
Otu3850	JX827264.1	86.1	274	27	1	1	450	1	598	-1	0
Otu3864	JX827264.1	85.8	274	26	1	1	450	1	598	-1	0
Otu3930	JX827264.1	86.5	274	25	1	1	338	1	598	-1	0
Otu3929	JX827264.1	84.1	290	30	1	1	451	1	598	-1	0
Otu3964	JX827264.1	83.0	294	30	1	1	449	1	598	-1	0
Otu4055	JX827264.1	84.1	290	30	1	1	451	1	598	-1	0
Otu4091	JX827264.1	85.4	274	27	1	1	450	1	598	-1	0
Otu4129	JX827264.1	86.9	275	35	1	1	337	1	598	-1	0
Otu4158	JX827264.1	86.7	278	33	1	1	451	1	598	-1	0
Otu4146	JX827264.1	87.2	274	33	1	1	448	1	598	-1	0
Otu4159	JX827264.1	84.1	290	30	1	1	451	1	598	-1	0
Otu4349	JX827264.1	86.5	274	24	2	1	450	1	598	-1	0
Otu4496	JX827264.1	86.1	274	26	1	1	338	1	598	-1	0
Otu4504	JX827264.1	87.2	274	34	1	1	450	1	598	-1	0
Otu4505	JX827264.1	85.8	274	26	1	1	450	1	598	-1	0
Otu4527	JX827264.1	87.2	274	34	1	1	337	1	598	-1	0
Otu4627	JX827264.1	84.1	290	30	1	1	451	1	598	-1	0
Otu4781	JX827264.1	86.9	274	34	1	1	448	1	598	-1	0
Otu4850	JX827264.1	84.1	290	30	1	1	451	1	598	-1	0
Otu4869	JX827264.1	86.1	274	26	1	1	338	1	598	-1	0
Otu4851	JX827264.1	86.0	279	34	1	1	452	1	598	-1	0
Otu4898	JX827264.1	86.1	274	27	1	1	450	1	598	-1	0
Otu4901	JX827264.1	86.5	274	24	1	1	449	1	598	-1	0
Otu4978	JX827264.1	86.5	274	32	1	1	338	1	598	-1	0
Otu5057	JX827264.1	85.4	274	27	1	1	450	1	598	-1	0
Otu5240	JX827264.1	86.5	274	26	1	1	450	1	598	-1	0
Otu5283	JX827264.1	86.3	277	35	1	1	450	1	598	-1	0
Otu5526	JX827264.1	85.8	274	26	1	1	449	1	598	-1	0
Otu5546	JX827264.1	84.5	290	29	1	1	451	1	598	-1	0
Otu5570	JX827264.1	86.5	274	32	1	1	338	1	598	-1	0
Otu5549	JX827264.1	83.6	292	30	1	1	451	1	598	-1	0
Otu5644	JX827264.1	86.1	274	27	1	1	450	1	598	-1	0
Otu5650	JX827264.1	86.1	274	38	0	1	449	1	598	-1	0
Otu5649	JX827264.1	87.6	274	23	2	1	451	1	598	-1	0
Otu5855	JX827264.1	86.9	274	35	1	1	449	1	598	-1	0
Otu6026	JX827264.1	86.9	274	35	1	1	337	1	598	-1	0
Otu6044	JX827264.1	84.3	293	27	2	1	448	1	598	-1	0
Otu6043	JX827264.1	85.3	279	36	1	1	449	1	598	-1	0
Otu6067	JX827264.1	84.1	290	30	1	1	451	1	598	-1	0
Otu6069	JX827264.1	86.7	278	33	1	1	451	1	598	-1	0
