Otu30	MT472005.1	98.3	288	4	1	1	294	1	1338	-1	0
Otu11	MT472005.1	99.0	288	3	0	1	295	1	1338	-1	0
Otu34	MT472005.1	98.3	288	4	1	1	294	1	1338	-1	0
Otu114	MT472005.1	99.0	288	3	0	1	295	1	1338	-1	0
Otu138	MT472005.1	99.0	288	3	0	1	295	1	1338	-1	0
Otu136	MT472005.1	99.0	288	3	0	1	295	1	1338	-1	0
Otu195	MT472005.1	99.0	288	3	0	1	295	1	1338	-1	0
Otu216	MT472005.1	99.0	288	3	0	1	295	1	1338	-1	0
Otu225	MT472005.1	99.0	288	3	0	1	295	1	1338	-1	0
Otu223	MT472005.1	99.0	288	3	0	1	295	1	1338	-1	0
Otu224	MT472005.1	99.0	288	3	0	1	295	1	1338	-1	0
Otu243	MT472005.1	99.0	288	3	0	1	295	1	1338	-1	0
Otu238	MT472005.1	99.0	288	3	0	1	295	1	1338	-1	0
Otu244	MT472005.1	99.0	288	3	0	1	295	1	1338	-1	0
Otu249	MT472005.1	99.0	288	3	0	1	295	1	1338	-1	0
Otu261	MT472005.1	98.3	288	5	0	1	295	1	1338	-1	0
Otu62	MT472005.1	97.9	288	6	0	1	295	1	1338	-1	0
Otu42	MT472005.1	97.6	288	7	0	1	295	1	1338	-1	0
Otu278	MT472005.1	99.0	288	3	0	1	295	1	1338	-1	0
Otu55	MT472005.1	98.3	288	5	0	1	295	1	1338	-1	0
Otu60	MT472005.1	98.3	288	5	0	1	295	1	1338	-1	0
Otu285	MT472005.1	99.0	288	3	0	1	295	1	1338	-1	0
Otu1	MT472005.1	100.0	288	0	0	1	295	1	1338	-1	0
Otu319	MT472005.1	99.0	288	3	0	1	295	1	1338	-1	0
Otu314	MT472005.1	99.0	288	3	0	1	295	1	1338	-1	0
Otu318	MT472005.1	99.0	288	3	0	1	295	1	1338	-1	0
Otu334	MT472005.1	99.0	288	3	0	1	295	1	1338	-1	0
Otu347	MT472005.1	99.0	288	3	0	1	295	1	1338	-1	0
Otu330	MT472005.1	99.0	288	3	0	1	295	1	1338	-1	0
Otu346	MT472005.1	99.0	288	3	0	1	295	1	1338	-1	0
Otu326	MT472005.1	99.0	288	3	0	1	295	1	1338	-1	0
Otu341	MT472005.1	84.9	299	30	5	1	302	1	1338	-1	0
Otu348	MT472005.1	99.0	288	3	0	1	295	1	1338	-1	0
Otu350	MT472005.1	99.0	288	3	0	1	295	1	1338	-1	0
Otu360	MT472005.1	99.0	288	3	0	1	295	1	1338	-1	0
Otu354	MT472005.1	99.0	288	3	0	1	295	1	1338	-1	0
Otu370	MT472005.1	99.0	288	3	0	1	295	1	1338	-1	0
Otu369	MT472005.1	99.0	288	3	0	1	295	1	1338	-1	0
Otu372	MT472005.1	99.0	288	3	0	1	295	1	1338	-1	0
Otu365	MT472005.1	99.0	288	3	0	1	295	1	1338	-1	0
Otu373	MT472005.1	99.0	288	3	0	1	295	1	1338	-1	0
Otu382	MT472005.1	99.0	288	3	0	1	295	1	1338	-1	0
Otu377	MT472005.1	99.0	288	3	0	1	295	1	1338	-1	0
Otu379	MT472005.1	99.0	288	3	0	1	295	1	1338	-1	0
Otu383	MT472005.1	99.0	288	3	0	1	295	1	1338	-1	0
Otu400	MT472005.1	96.5	288	10	0	1	295	1	1338	-1	0
Otu409	MT472005.1	99.0	288	3	0	1	295	1	1338	-1	0
Otu416	MT472005.1	99.0	288	3	0	1	295	1	1338	-1	0
Otu419	MT472005.1	99.0	288	3	0	1	295	1	1338	-1	0
Otu430	MT472005.1	99.0	288	3	0	1	295	1	1338	-1	0
Otu418	MT472005.1	99.0	288	3	0	1	295	1	1338	-1	0
Otu415	MT472005.1	99.0	288	3	0	1	295	1	1338	-1	0
Otu413	MT472005.1	99.0	288	3	0	1	295	1	1338	-1	0
Otu414	MT472005.1	99.0	288	3	0	1	295	1	1338	-1	0
Otu417	MT472005.1	99.0	288	3	0	1	295	1	1338	-1	0
Otu435	MT472005.1	99.0	288	3	0	1	295	1	1338	-1	0
Otu444	MT472005.1	99.0	288	3	0	1	295	1	1338	-1	0
Otu446	MT472005.1	99.0	288	3	0	1	295	1	1338	-1	0
Otu456	MT472005.1	99.0	288	3	0	1	295	1	1338	-1	0
Otu474	MT472005.1	99.0	288	3	0	1	295	1	1338	-1	0
Otu447	MT472005.1	99.0	288	3	0	1	295	1	1338	-1	0
Otu469	MT472005.1	99.0	288	3	0	1	295	1	1338	-1	0
Otu465	MT472005.1	99.0	288	3	0	1	295	1	1338	-1	0
Otu472	MT472005.1	99.0	288	3	0	1	295	1	1338	-1	0
Otu471	MT472005.1	99.0	288	3	0	1	295	1	1338	-1	0
Otu463	MT472005.1	99.0	288	3	0	1	295	1	1338	-1	0
Otu468	MT472005.1	99.0	288	3	0	1	295	1	1338	-1	0
Otu475	MT472005.1	99.0	288	3	0	1	295	1	1338	-1	0
Otu484	MT472005.1	99.0	288	3	0	1	295	1	1338	-1	0
Otu485	MT472005.1	99.0	288	3	0	1	295	1	1338	-1	0
Otu473	MT472005.1	99.0	288	3	0	1	295	1	1338	-1	0
Otu488	MT472005.1	99.0	288	3	0	1	295	1	1338	-1	0
Otu480	MT472005.1	99.0	288	3	0	1	295	1	1338	-1	0
Otu476	MT472005.1	99.0	288	3	0	1	295	1	1338	-1	0
Otu486	MT472005.1	99.0	288	3	0	1	295	1	1338	-1	0
Otu506	MT472005.1	99.0	288	3	0	1	295	1	1338	-1	0
Otu355	MT472005.1	99.0	288	3	0	1	295	1	1338	-1	0
Otu499	MT472005.1	99.0	288	3	0	1	295	1	1338	-1	0
Otu489	MT472005.1	99.0	288	3	0	1	295	1	1338	-1	0
Otu493	MT472005.1	99.0	288	3	0	1	295	1	1338	-1	0
Otu490	MT472005.1	99.0	288	3	0	1	295	1	1338	-1	0
Otu509	MT472005.1	99.0	288	3	0	1	295	1	1338	-1	0
Otu508	MT472005.1	99.0	288	3	0	1	295	1	1338	-1	0
Otu501	MT472005.1	99.0	288	3	0	1	295	1	1338	-1	0
Otu503	MT472005.1	99.0	288	3	0	1	295	1	1338	-1	0
Otu504	MT472005.1	99.0	288	3	0	1	295	1	1338	-1	0
Otu528	MT472005.1	86.9	297	26	4	1	300	1	1338	-1	0
Otu540	MT472005.1	99.0	288	3	0	1	295	1	1338	-1	0
Otu547	MT472005.1	85.8	288	41	0	1	450	1	1338	-1	0
Otu582	MT472005.1	82.9	299	40	2	1	337	1	1338	-1	0
Otu628	MT472005.1	82.7	300	40	2	1	337	1	1338	-1	0
Otu630	MT472005.1	84.2	292	35	3	1	337	1	1338	-1	0
Otu646	MT472005.1	84.2	292	35	3	1	337	1	1338	-1	0
Otu598	MT472005.1	82.3	299	42	2	1	337	1	1338	-1	0
Otu564	MT472005.1	86.1	288	39	1	1	449	1	1338	-1	0
Otu648	MT472005.1	82.3	300	41	2	1	337	1	1338	-1	0
Otu662	MT472005.1	83.9	292	35	3	1	337	1	1338	-1	0
Otu635	MT472005.1	84.4	289	44	1	1	450	1	1338	-1	0
Otu682	MT472005.1	81.9	299	43	2	1	337	1	1338	-1	0
Otu399	MT472005.1	93.4	290	17	1	1	297	1	1338	-1	0
Otu573	MT472005.1	86.8	288	35	2	1	447	1	1338	-1	0
Otu664	MT472005.1	86.5	288	37	1	1	448	1	1338	-1	0
Otu725	MT472005.1	82.3	299	42	2	1	337	1	1338	-1	0
Otu723	MT472005.1	86.1	288	33	2	1	449	1	1338	-1	0
Otu732	MT472005.1	85.1	288	34	2	1	447	1	1338	-1	0
Otu746	MT472005.1	82.1	301	41	2	1	337	1	1338	-1	0
Otu747	MT472005.1	82.3	299	42	2	1	337	1	1338	-1	0
Otu756	MT472005.1	81.9	299	43	2	1	337	1	1338	-1	0
Otu766	MT472005.1	82.3	299	42	2	1	337	1	1338	-1	0
Otu758	MT472005.1	84.2	292	35	3	1	337	1	1338	-1	0
Otu759	MT472005.1	82.5	303	37	2	1	451	1	1338	-1	0
Otu782	MT472005.1	81.9	304	39	2	1	337	1	1338	-1	0
Otu783	MT472005.1	84.2	292	35	3	1	337	1	1338	-1	0
Otu752	MT472005.1	86.1	288	39	1	1	449	1	1338	-1	0
Otu676	MT472005.1	85.8	288	39	1	1	448	1	1338	-1	0
Otu600	MT472005.1	81.7	301	42	2	1	337	1	1338	-1	0
Otu644	MT472005.1	83.0	300	39	2	1	337	1	1338	-1	0
Otu653	MT472005.1	83.9	292	35	3	1	337	1	1338	-1	0
Otu636	MT472005.1	82.2	298	43	2	1	337	1	1338	-1	0
Otu549	MT472005.1	87.2	288	35	2	1	448	1	1338	-1	0
Otu830	MT472005.1	82.3	299	42	2	1	337	1	1338	-1	0
Otu840	MT472005.1	80.5	313	33	3	1	337	1	1338	-1	0
Otu848	MT472005.1	82.0	300	42	2	1	337	1	1338	-1	0
Otu546	MT472005.1	86.5	288	37	1	1	448	1	1338	-1	0
Otu638	MT472005.1	83.9	292	35	3	1	337	1	1338	-1	0
Otu784	MT472005.1	81.9	299	43	2	1	337	1	1338	-1	0
Otu852	MT472005.1	80.5	313	33	3	1	337	1	1338	-1	0
Otu861	MT472005.1	84.2	292	35	3	1	337	1	1338	-1	0
Otu856	MT472005.1	86.5	288	37	2	1	448	1	1338	-1	0
Otu864	MT472005.1	82.3	300	41	2	1	337	1	1338	-1	0
Otu566	MT472005.1	86.5	288	38	1	1	449	1	1338	-1	0
Otu872	MT472005.1	84.2	292	35	3	1	337	1	1338	-1	0
Otu561	MT472005.1	87.9	289	33	2	1	450	1	1338	-1	0
Otu900	MT472005.1	81.9	299	43	2	1	337	1	1338	-1	0
Otu888	MT472005.1	84.2	292	35	3	1	337	1	1338	-1	0
Otu917	MT472005.1	81.9	299	43	2	1	337	1	1338	-1	0
Otu908	MT472005.1	84.6	292	34	3	1	337	1	1338	-1	0
Otu937	MT472005.1	81.2	303	42	2	1	337	1	1338	-1	0
Otu920	MT472005.1	81.2	303	42	2	1	337	1	1338	-1	0
Otu544	MT472005.1	87.9	289	33	2	1	450	1	1338	-1	0
Otu798	MT472005.1	86.5	288	38	1	1	449	1	1338	-1	0
Otu948	MT472005.1	82.7	300	40	2	1	337	1	1338	-1	0
Otu683	MT472005.1	86.8	288	37	1	1	449	1	1338	-1	0
Otu953	MT472005.1	81.5	303	41	2	1	337	1	1338	-1	0
Otu1003	MT472005.1	84.2	292	35	3	1	337	1	1338	-1	0
Otu1004	MT472005.1	83.0	300	39	2	1	337	1	1338	-1	0
Otu998	MT472005.1	84.6	292	34	3	1	337	1	1338	-1	0
Otu1035	MT472005.1	82.7	300	40	2	1	337	1	1338	-1	0
Otu1014	MT472005.1	82.1	301	41	2	1	337	1	1338	-1	0
Otu1024	MT472005.1	81.4	301	43	2	1	338	1	1338	-1	0
Otu1029	MT472005.1	83.9	292	36	3	1	337	1	1338	-1	0
Otu887	MT472005.1	84.0	288	46	0	1	449	1	1338	-1	0
Otu909	MT472005.1	84.4	289	44	1	1	450	1	1338	-1	0
Otu1059	MT472005.1	82.3	300	41	2	1	337	1	1338	-1	0
Otu1094	MT472005.1	84.2	292	34	3	1	337	1	1338	-1	0
Otu1073	MT472005.1	80.2	313	34	3	1	337	1	1338	-1	0
Otu1069	MT472005.1	84.2	292	35	3	1	337	1	1338	-1	0
Otu1092	MT472005.1	81.9	299	43	2	1	337	1	1338	-1	0
Otu1104	MT472005.1	83.9	292	36	3	1	337	1	1338	-1	0
Otu1118	MT472005.1	82.0	300	42	2	1	337	1	1338	-1	0
Otu1116	MT472005.1	81.8	303	40	2	1	337	1	1338	-1	0
Otu1129	MT472005.1	82.7	300	40	2	1	337	1	1338	-1	0
Otu1154	MT472005.1	83.9	292	36	3	1	337	1	1338	-1	0
Otu1123	MT472005.1	84.6	292	36	3	1	338	1	1338	-1	0
Otu1152	MT472005.1	82.3	300	41	2	1	337	1	1338	-1	0
Otu1188	MT472005.1	82.6	299	41	2	1	337	1	1338	-1	0
Otu1225	MT472005.1	84.2	292	35	3	1	337	1	1338	-1	0
Otu1248	MT472005.1	82.3	299	42	2	1	337	1	1338	-1	0
Otu1253	MT472005.1	82.3	299	42	2	1	337	1	1338	-1	0
Otu1243	MT472005.1	84.2	292	34	3	1	337	1	1338	-1	0
Otu1270	MT472005.1	82.2	298	43	2	1	337	1	1338	-1	0
Otu1268	MT472005.1	86.5	288	38	1	1	449	1	1338	-1	0
Otu1260	MT472005.1	81.9	304	39	2	1	337	1	1338	-1	0
Otu1279	MT472005.1	81.6	310	35	3	1	337	1	1338	-1	0
Otu1280	MT472005.1	84.6	292	34	3	1	337	1	1338	-1	0
Otu1269	MT472005.1	86.8	288	36	2	1	448	1	1338	-1	0
Otu1292	MT472005.1	82.7	301	39	2	1	337	1	1338	-1	0
Otu1296	MT472005.1	84.6	292	34	3	1	337	1	1338	-1	0
Otu1295	MT472005.1	84.6	292	34	3	1	337	1	1338	-1	0
Otu1298	MT472005.1	84.2	292	36	3	1	338	1	1338	-1	0
Otu1132	MT472005.1	86.1	288	39	1	1	449	1	1338	-1	0
Otu1313	MT472005.1	83.9	292	36	3	1	337	1	1338	-1	0
Otu1337	MT472005.1	84.6	292	34	3	1	337	1	1338	-1	0
Otu1321	MT472005.1	84.2	292	34	3	1	337	1	1338	-1	0
Otu1336	MT472005.1	82.3	299	42	2	1	337	1	1338	-1	0
Otu1317	MT472005.1	86.5	288	38	1	1	449	1	1338	-1	0
Otu1365	MT472005.1	81.6	304	40	2	1	337	1	1338	-1	0
Otu1395	MT472005.1	83.9	292	36	3	1	337	1	1338	-1	0
Otu1413	MT472005.1	84.6	292	36	3	1	338	1	1338	-1	0
Otu1448	MT472005.1	83.9	292	36	3	1	337	1	1338	-1	0
Otu1458	MT472005.1	80.2	313	34	3	1	337	1	1338	-1	0
Otu1499	MT472005.1	82.3	299	42	2	1	337	1	1338	-1	0
Otu1528	MT472005.1	82.7	300	40	2	1	337	1	1338	-1	0
Otu1524	MT472005.1	82.1	302	40	2	1	337	1	1338	-1	0
Otu1521	MT472005.1	84.2	292	34	3	1	337	1	1338	-1	0
Otu1527	MT472005.1	83.9	292	36	3	1	337	1	1338	-1	0
Otu1529	MT472005.1	84.6	292	34	3	1	337	1	1338	-1	0
Otu1552	MT472005.1	82.3	300	41	2	1	337	1	1338	-1	0
Otu1545	MT472005.1	84.6	292	36	3	1	338	1	1338	-1	0
Otu1557	MT472005.1	84.6	292	34	3	1	337	1	1338	-1	0
Otu1573	MT472005.1	81.6	310	35	3	1	337	1	1338	-1	0
Otu1576	MT472005.1	83.9	292	36	3	1	337	1	1338	-1	0
Otu1589	MT472005.1	84.6	292	34	3	1	337	1	1338	-1	0
Otu1604	MT472005.1	84.2	292	35	3	1	337	1	1338	-1	0
Otu1575	MT472005.1	84.5	290	41	3	1	450	1	1338	-1	0
Otu1619	MT472005.1	85.1	288	37	1	1	450	1	1338	-1	0
Otu1651	MT472005.1	81.5	303	41	2	1	337	1	1338	-1	0
Otu1648	MT472005.1	84.6	292	35	3	1	449	1	1338	-1	0
Otu1653	MT472005.1	82.4	301	40	2	1	450	1	1338	-1	0
Otu1689	MT472005.1	81.8	303	40	2	1	337	1	1338	-1	0
Otu1690	MT472005.1	82.3	300	41	2	1	337	1	1338	-1	0
Otu1702	MT472005.1	84.6	292	35	3	1	337	1	1338	-1	0
Otu1722	MT472005.1	81.3	310	36	3	1	337	1	1338	-1	0
Otu1723	MT472005.1	83.9	292	36	3	1	337	1	1338	-1	0
Otu1749	MT472005.1	84.2	292	35	3	1	337	1	1338	-1	0
Otu1750	MT472005.1	82.6	299	41	2	1	337	1	1338	-1	0
Otu1762	MT472005.1	82.3	300	41	2	1	337	1	1338	-1	0
Otu1757	MT472005.1	85.1	288	34	2	1	447	1	1338	-1	0
Otu1777	MT472005.1	84.2	292	35	3	1	337	1	1338	-1	0
Otu1782	MT472005.1	82.1	302	40	2	1	338	1	1338	-1	0
Otu1770	MT472005.1	84.6	292	35	3	1	449	1	1338	-1	0
Otu1808	MT472005.1	84.2	292	34	3	1	337	1	1338	-1	0
Otu1814	MT472005.1	84.2	292	35	3	1	337	1	1338	-1	0
Otu1800	MT472005.1	84.6	292	35	3	1	449	1	1338	-1	0
Otu1824	MT472005.1	84.6	292	34	3	1	337	1	1338	-1	0
Otu1817	MT472005.1	83.9	292	35	3	1	448	1	1338	-1	0
Otu1860	MT472005.1	83.9	292	35	3	1	337	1	1338	-1	0
Otu1864	MT472005.1	82.1	301	41	2	1	338	1	1338	-1	0
Otu1873	MT472005.1	82.3	299	42	2	1	337	1	1338	-1	0
Otu1854	MT472005.1	83.8	291	42	3	1	451	1	1338	-1	0
Otu1876	MT472005.1	87.5	288	32	3	1	450	1	1338	-1	0
Otu1894	MT472005.1	82.4	301	40	2	1	450	1	1338	-1	0
Otu1900	MT472005.1	81.5	302	42	2	1	449	1	1338	-1	0
Otu1895	MT472005.1	85.4	288	35	2	1	447	1	1338	-1	0
Otu1896	MT472005.1	85.1	288	37	1	1	450	1	1338	-1	0
Otu1915	MT472005.1	83.9	292	36	3	1	337	1	1338	-1	0
Otu1913	MT472005.1	86.5	288	38	1	1	450	1	1338	-1	0
Otu1905	MT472005.1	84.4	288	43	2	1	448	1	1338	-1	0
Otu1906	MT472005.1	85.4	288	36	1	1	450	1	1338	-1	0
Otu1933	MT472005.1	84.6	292	36	3	1	338	1	1338	-1	0
Otu1940	MT472005.1	84.2	292	37	3	1	338	1	1338	-1	0
Otu1924	MT472005.1	84.6	292	34	3	1	337	1	1338	-1	0
Otu1925	MT472005.1	82.1	302	40	2	1	338	1	1338	-1	0
Otu1938	MT472005.1	85.1	288	34	2	1	447	1	1338	-1	0
Otu1954	MT472005.1	83.9	292	36	3	1	337	1	1338	-1	0
Otu1962	MT472005.1	81.6	304	40	2	1	337	1	1338	-1	0
Otu1959	MT472005.1	84.6	292	35	3	1	449	1	1338	-1	0
Otu2016	MT472005.1	81.3	310	36	3	1	337	1	1338	-1	0
Otu1970	MT472005.1	81.9	299	43	2	1	448	1	1338	-1	0
Otu1971	MT472005.1	86.5	288	30	3	1	447	1	1338	-1	0
Otu1988	MT472005.1	85.3	292	36	2	1	451	1	1338	-1	0
Otu2003	MT472005.1	84.2	292	36	3	1	450	1	1338	-1	0
Otu2002	MT472005.1	81.9	299	43	2	1	448	1	1338	-1	0
Otu2031	MT472005.1	82.1	302	40	2	1	338	1	1338	-1	0
Otu2027	MT472005.1	82.3	299	42	2	1	448	1	1338	-1	0
Otu2047	MT472005.1	84.6	292	37	3	1	451	1	1338	-1	0
Otu2021	MT472005.1	82.3	299	42	2	1	448	1	1338	-1	0
Otu2046	MT472005.1	84.6	292	36	3	1	338	1	1338	-1	0
Otu2064	MT472005.1	82.7	301	39	2	1	338	1	1338	-1	0
Otu2059	MT472005.1	82.4	301	40	2	1	450	1	1338	-1	0
Otu2052	MT472005.1	84.2	292	36	3	1	450	1	1338	-1	0
Otu2072	MT472005.1	84.6	292	36	3	1	338	1	1338	-1	0
Otu2055	MT472005.1	83.7	294	38	2	1	447	1	1338	-1	0
Otu2073	MT472005.1	84.2	292	36	3	1	450	1	1338	-1	0
Otu2090	MT472005.1	84.9	292	35	3	1	338	1	1338	-1	0
Otu2096	MT472005.1	84.2	292	35	3	1	337	1	1338	-1	0
Otu2071	MT472005.1	81.6	305	39	2	1	449	1	1338	-1	0
Otu2074	MT472005.1	85.1	288	34	2	1	447	1	1338	-1	0
Otu2075	MT472005.1	85.4	288	36	1	1	450	1	1338	-1	0
Otu2079	MT472005.1	84.2	292	36	3	1	450	1	1338	-1	0
Otu2112	MT472005.1	84.6	292	36	3	1	338	1	1338	-1	0
Otu2111	MT472005.1	82.6	299	41	2	1	337	1	1338	-1	0
Otu2092	MT472005.1	84.2	292	36	3	1	450	1	1338	-1	0
Otu2109	MT472005.1	84.2	292	36	3	1	450	1	1338	-1	0
Otu2117	MT472005.1	81.6	305	39	2	1	449	1	1338	-1	0
Otu2121	MT472005.1	85.1	288	36	2	1	449	1	1338	-1	0
Otu2119	MT472005.1	84.6	292	37	3	1	451	1	1338	-1	0
Otu2139	MT472005.1	81.5	302	42	2	1	449	1	1338	-1	0
Otu2154	MT472005.1	84.6	292	36	3	1	338	1	1338	-1	0
Otu2141	MT472005.1	85.4	288	36	1	1	450	1	1338	-1	0
Otu2155	MT472005.1	84.2	292	35	3	1	337	1	1338	-1	0
Otu2163	MT472005.1	84.2	292	36	3	1	449	1	1338	-1	0
Otu2150	MT472005.1	84.6	292	35	3	1	449	1	1338	-1	0
Otu2180	MT472005.1	84.6	292	34	3	1	337	1	1338	-1	0
Otu2169	MT472005.1	85.1	288	34	2	1	447	1	1338	-1	0
Otu2176	MT472005.1	86.5	288	38	1	1	449	1	1338	-1	0
Otu2178	MT472005.1	85.4	288	36	1	1	450	1	1338	-1	0
Otu2192	MT472005.1	84.6	293	40	1	1	450	1	1338	-1	0
Otu2190	MT472005.1	87.2	288	34	2	1	448	1	1338	-1	0
Otu2215	MT472005.1	85.3	292	36	2	1	451	1	1338	-1	0
Otu2199	MT472005.1	85.1	288	34	2	1	447	1	1338	-1	0
Otu2218	MT472005.1	84.2	292	35	3	1	337	1	1338	-1	0
Otu2197	MT472005.1	82.4	301	40	2	1	450	1	1338	-1	0
Otu2200	MT472005.1	85.1	288	37	1	1	450	1	1338	-1	0
Otu2206	MT472005.1	85.4	288	36	1	1	450	1	1338	-1	0
Otu2204	MT472005.1	85.1	288	34	2	1	447	1	1338	-1	0
Otu2237	MT472005.1	81.8	302	41	2	1	337	1	1338	-1	0
Otu2254	MT472005.1	82.8	302	38	2	1	338	1	1338	-1	0
Otu2257	MT472005.1	85.4	288	36	1	1	450	1	1338	-1	0
Otu2252	MT472005.1	84.9	292	37	2	1	451	1	1338	-1	0
Otu2274	MT472005.1	81.0	311	36	3	1	338	1	1338	-1	0
Otu2280	MT472005.1	85.4	288	35	2	1	449	1	1338	-1	0
Otu2270	MT472005.1	84.9	292	37	2	1	451	1	1338	-1	0
Otu2289	MT472005.1	84.6	292	35	3	1	449	1	1338	-1	0
Otu2317	MT472005.1	84.6	292	36	3	1	338	1	1338	-1	0
Otu2294	MT472005.1	82.6	288	47	2	1	447	1	1338	-1	0
Otu2312	MT472005.1	84.6	292	35	3	1	337	1	1338	-1	0
Otu2314	MT472005.1	84.6	292	35	3	1	449	1	1338	-1	0
Otu2349	MT472005.1	82.5	302	39	2	1	339	1	1338	-1	0
Otu2343	MT472005.1	85.4	288	35	2	1	449	1	1338	-1	0
Otu2342	MT472005.1	84.6	292	35	3	1	450	1	1338	-1	0
Otu2333	MT472005.1	85.4	288	36	1	1	450	1	1338	-1	0
Otu2403	MT472005.1	82.5	302	39	2	1	337	1	1338	-1	0
Otu2397	MT472005.1	85.4	288	36	1	1	450	1	1338	-1	0
Otu2402	MT472005.1	82.4	301	40	2	1	450	1	1338	-1	0
Otu2411	MT472005.1	82.4	301	40	2	1	450	1	1338	-1	0
Otu2415	MT472005.1	84.2	292	36	3	1	450	1	1338	-1	0
Otu2426	MT472005.1	85.1	288	36	2	1	449	1	1338	-1	0
Otu2439	MT472005.1	84.2	292	36	3	1	450	1	1338	-1	0
Otu2458	MT472005.1	84.9	292	35	3	1	338	1	1338	-1	0
Otu2467	MT472005.1	81.9	299	43	2	1	337	1	1338	-1	0
Otu2443	MT472005.1	84.2	292	36	3	1	450	1	1338	-1	0
Otu2454	MT472005.1	81.5	303	41	2	1	448	1	1338	-1	0
Otu2488	MT472005.1	84.2	292	35	3	1	337	1	1338	-1	0
Otu2494	MT472005.1	84.2	292	36	3	1	450	1	1338	-1	0
Otu2480	MT472005.1	84.6	292	36	3	1	450	1	1338	-1	0
Otu2482	MT472005.1	85.4	288	36	1	1	450	1	1338	-1	0
Otu2501	MT472005.1	82.3	300	41	2	1	337	1	1338	-1	0
Otu2491	MT472005.1	84.6	292	35	3	1	449	1	1338	-1	0
Otu2498	MT472005.1	84.2	292	36	3	1	450	1	1338	-1	0
Otu2519	MT472005.1	84.2	292	35	3	1	337	1	1338	-1	0
Otu2509	MT472005.1	85.1	288	34	2	1	447	1	1338	-1	0
Otu2508	MT472005.1	81.0	305	41	2	1	450	1	1338	-1	0
Otu2516	MT472005.1	84.6	292	35	3	1	449	1	1338	-1	0
Otu2529	MT472005.1	84.9	292	36	3	1	450	1	1338	-1	0
Otu2535	MT472005.1	84.6	292	36	3	1	450	1	1338	-1	0
Otu2549	MT472005.1	84.9	292	37	2	1	451	1	1338	-1	0
Otu2552	MT472005.1	84.9	292	37	2	1	451	1	1338	-1	0
Otu2563	MT472005.1	83.1	302	33	3	1	450	1	1338	-1	0
Otu2581	MT472005.1	84.2	292	36	3	1	450	1	1338	-1	0
Otu2587	MT472005.1	85.1	288	34	2	1	447	1	1338	-1	0
Otu2638	MT472005.1	84.6	292	36	3	1	338	1	1338	-1	0
Otu2639	MT472005.1	82.0	305	36	3	1	338	1	1338	-1	0
Otu2630	MT472005.1	85.3	292	36	2	1	451	1	1338	-1	0
Otu2635	MT472005.1	84.6	292	35	3	1	449	1	1338	-1	0
Otu2651	MT472005.1	84.6	292	36	3	1	338	1	1338	-1	0
Otu2643	MT472005.1	80.3	314	33	3	1	449	1	1338	-1	0
Otu2659	MT472005.1	84.6	292	35	3	1	449	1	1338	-1	0
Otu2660	MT472005.1	85.4	288	36	1	1	450	1	1338	-1	0
Otu2665	MT472005.1	84.2	292	36	3	1	450	1	1338	-1	0
Otu2666	MT472005.1	84.2	292	36	3	1	450	1	1338	-1	0
Otu2688	MT472005.1	84.9	292	35	3	1	338	1	1338	-1	0
Otu2701	MT472005.1	84.6	292	36	3	1	338	1	1338	-1	0
Otu2689	MT472005.1	85.3	292	36	2	1	451	1	1338	-1	0
Otu2695	MT472005.1	84.2	292	36	3	1	450	1	1338	-1	0
Otu2694	MT472005.1	81.8	303	40	2	1	451	1	1338	-1	0
Otu2700	MT472005.1	81.6	305	39	2	1	449	1	1338	-1	0
Otu2702	MT472005.1	84.2	292	36	3	1	450	1	1338	-1	0
Otu2710	MT472005.1	84.9	292	37	2	1	451	1	1338	-1	0
Otu2743	MT472005.1	81.7	301	42	2	1	450	1	1338	-1	0
Otu2722	MT472005.1	83.0	288	22	2	1	450	1	1338	-1	0
Otu2721	MT472005.1	80.3	314	33	3	1	449	1	1338	-1	0
Otu2727	MT472005.1	84.2	292	34	3	1	448	1	1338	-1	0
Otu2723	MT472005.1	84.2	292	36	3	1	450	1	1338	-1	0
Otu2726	MT472005.1	84.2	292	36	3	1	450	1	1338	-1	0
Otu2736	MT472005.1	84.9	292	35	3	1	450	1	1338	-1	0
Otu2745	MT472005.1	81.5	302	42	2	1	449	1	1338	-1	0
Otu2751	MT472005.1	84.2	292	36	3	1	450	1	1338	-1	0
Otu2753	MT472005.1	84.6	292	35	3	1	449	1	1338	-1	0
Otu2769	MT472005.1	82.5	302	39	2	1	339	1	1338	-1	0
Otu2758	MT472005.1	84.9	292	37	2	1	451	1	1338	-1	0
Otu2772	MT472005.1	84.2	292	36	3	1	450	1	1338	-1	0
Otu2770	MT472005.1	84.6	292	36	3	1	450	1	1338	-1	0
Otu2784	MT472005.1	84.9	292	35	3	1	338	1	1338	-1	0
Otu2776	MT472005.1	85.1	288	37	1	1	450	1	1338	-1	0
Otu2795	MT472005.1	81.8	292	42	4	1	337	1	1338	-1	0
Otu2783	MT472005.1	84.2	292	36	3	1	450	1	1338	-1	0
Otu2785	MT472005.1	82.4	301	40	2	1	450	1	1338	-1	0
Otu2804	MT472005.1	81.8	292	42	4	1	337	1	1338	-1	0
Otu2806	MT472005.1	81.0	310	37	3	1	337	1	1338	-1	0
Otu2801	MT472005.1	84.2	292	36	3	1	450	1	1338	-1	0
Otu2797	MT472005.1	84.2	292	36	3	1	450	1	1338	-1	0
Otu2803	MT472005.1	84.2	292	36	3	1	450	1	1338	-1	0
Otu2798	MT472005.1	85.4	288	35	2	1	449	1	1338	-1	0
Otu2812	MT472005.1	84.2	292	34	3	1	337	1	1338	-1	0
Otu2818	MT472005.1	80.3	314	33	3	1	449	1	1338	-1	0
Otu2824	MT472005.1	83.0	288	22	2	1	450	1	1338	-1	0
Otu2821	MT472005.1	84.2	292	35	3	1	449	1	1338	-1	0
Otu2826	MT472005.1	81.8	303	40	2	1	448	1	1338	-1	0
Otu2842	MT472005.1	84.6	292	36	3	1	338	1	1338	-1	0
Otu2836	MT472005.1	85.3	292	35	3	1	450	1	1338	-1	0
Otu2823	MT472005.1	84.2	292	36	3	1	450	1	1338	-1	0
Otu2841	MT472005.1	85.3	292	35	3	1	450	1	1338	-1	0
Otu2847	MT472005.1	84.2	292	36	3	1	450	1	1338	-1	0
Otu2862	MT472005.1	84.4	289	42	3	1	449	1	1338	-1	0
Otu2849	MT472005.1	84.6	292	35	3	1	449	1	1338	-1	0
Otu2846	MT472005.1	84.2	292	36	3	1	450	1	1338	-1	0
Otu2848	MT472005.1	83.3	288	21	2	1	449	1	1338	-1	0
Otu2861	MT472005.1	82.3	288	50	1	1	449	1	1338	-1	0
Otu2867	MT472005.1	84.2	292	36	3	1	450	1	1338	-1	0
Otu2870	MT472005.1	81.6	305	39	2	1	449	1	1338	-1	0
Otu2871	MT472005.1	80.3	314	33	3	1	449	1	1338	-1	0
Otu2872	MT472005.1	83.0	288	22	2	1	450	1	1338	-1	0
Otu2904	MT472005.1	84.2	292	35	3	1	337	1	1338	-1	0
Otu2898	MT472005.1	81.6	305	39	2	1	449	1	1338	-1	0
Otu2912	MT472005.1	84.2	292	35	3	1	449	1	1338	-1	0
Otu2905	MT472005.1	84.2	292	36	3	1	450	1	1338	-1	0
Otu2931	MT472005.1	84.9	292	35	3	1	338	1	1338	-1	0
Otu2928	MT472005.1	83.9	292	43	2	1	338	1	1338	-1	0
Otu2927	MT472005.1	84.6	292	35	3	1	449	1	1338	-1	0
Otu2930	MT472005.1	84.2	292	36	3	1	450	1	1338	-1	0
Otu2938	MT472005.1	85.1	288	36	2	1	449	1	1338	-1	0
Otu2942	MT472005.1	85.1	288	37	1	1	450	1	1338	-1	0
Otu2966	MT472005.1	82.3	299	42	2	1	448	1	1338	-1	0
Otu2944	MT472005.1	84.2	292	36	3	1	450	1	1338	-1	0
Otu2947	MT472005.1	81.5	302	42	2	1	449	1	1338	-1	0
Otu2948	MT472005.1	84.9	292	36	3	1	451	1	1338	-1	0
Otu2970	MT472005.1	84.4	288	38	1	1	449	1	1338	-1	0
Otu2972	MT472005.1	83.0	288	22	2	1	450	1	1338	-1	0
Otu2973	MT472005.1	84.2	292	35	3	1	449	1	1338	-1	0
Otu2975	MT472005.1	85.4	288	36	1	1	450	1	1338	-1	0
Otu2988	MT472005.1	82.4	301	40	2	1	450	1	1338	-1	0
Otu2982	MT472005.1	84.6	292	37	3	1	451	1	1338	-1	0
Otu3017	MT472005.1	82.5	302	39	2	1	338	1	1338	-1	0
Otu3005	MT472005.1	84.9	292	37	2	1	451	1	1338	-1	0
Otu3009	MT472005.1	84.9	292	36	3	1	451	1	1338	-1	0
Otu3018	MT472005.1	84.9	292	36	3	1	451	1	1338	-1	0
Otu3024	MT472005.1	84.2	292	36	3	1	450	1	1338	-1	0
Otu3046	MT472005.1	84.6	292	36	3	1	338	1	1338	-1	0
Otu3038	MT472005.1	84.2	292	36	3	1	450	1	1338	-1	0
Otu3042	MT472005.1	84.2	292	36	3	1	450	1	1338	-1	0
Otu3048	MT472005.1	84.2	292	36	3	1	449	1	1338	-1	0
Otu3049	MT472005.1	84.2	292	36	3	1	449	1	1338	-1	0
Otu3053	MT472005.1	84.6	292	35	3	1	449	1	1338	-1	0
Otu3058	MT472005.1	85.3	292	36	2	1	451	1	1338	-1	0
Otu3076	MT472005.1	85.4	288	36	1	1	450	1	1338	-1	0
Otu3083	MT472005.1	84.9	292	35	3	1	338	1	1338	-1	0
Otu3089	MT472005.1	84.6	292	36	3	1	338	1	1338	-1	0
Otu3092	MT472005.1	84.6	292	35	3	1	449	1	1338	-1	0
Otu3103	MT472005.1	86.1	288	39	1	1	449	1	1338	-1	0
Otu3125	MT472005.1	84.2	292	36	3	1	449	1	1338	-1	0
Otu3114	MT472005.1	84.2	292	36	3	1	450	1	1338	-1	0
Otu3116	MT472005.1	85.3	292	35	3	1	450	1	1338	-1	0
Otu3112	MT472005.1	86.8	288	33	2	1	451	1	1338	-1	0
Otu3121	MT472005.1	84.2	292	36	3	1	450	1	1338	-1	0
Otu3122	MT472005.1	84.9	292	37	2	1	451	1	1338	-1	0
Otu3123	MT472005.1	85.3	292	36	2	1	451	1	1338	-1	0
Otu3128	MT472005.1	84.2	292	36	3	1	450	1	1338	-1	0
Otu3129	MT472005.1	84.6	292	35	3	1	449	1	1338	-1	0
Otu3138	MT472005.1	82.3	299	42	2	1	448	1	1338	-1	0
Otu3107	MT472005.1	85.8	288	36	1	1	451	1	1338	-1	0
Otu3141	MT472005.1	84.2	292	36	3	1	450	1	1338	-1	0
Otu3157	MT472005.1	82.7	300	40	2	1	337	1	1338	-1	0
Otu3146	MT472005.1	84.4	288	32	1	1	449	1	1338	-1	0
Otu3152	MT472005.1	85.1	288	37	2	1	449	1	1338	-1	0
Otu3151	MT472005.1	85.3	292	36	2	1	451	1	1338	-1	0
Otu3155	MT472005.1	81.6	305	39	2	1	449	1	1338	-1	0
Otu3156	MT472005.1	84.6	292	37	3	1	451	1	1338	-1	0
Otu3159	MT472005.1	84.2	292	36	3	1	450	1	1338	-1	0
Otu3163	MT472005.1	84.2	292	36	3	1	450	1	1338	-1	0
Otu3205	MT472005.1	84.9	292	37	2	1	451	1	1338	-1	0
Otu3192	MT472005.1	84.2	292	36	3	1	450	1	1338	-1	0
Otu3201	MT472005.1	84.6	292	35	3	1	449	1	1338	-1	0
Otu3199	MT472005.1	84.2	292	36	3	1	450	1	1338	-1	0
Otu3211	MT472005.1	84.2	292	36	3	1	449	1	1338	-1	0
Otu3217	MT472005.1	84.9	292	35	3	1	450	1	1338	-1	0
Otu3212	MT472005.1	84.6	292	35	3	1	449	1	1338	-1	0
Otu3213	MT472005.1	83.3	288	21	2	1	449	1	1338	-1	0
Otu3224	MT472005.1	81.5	303	41	2	1	450	1	1338	-1	0
Otu3220	MT472005.1	84.9	292	35	3	1	450	1	1338	-1	0
Otu3242	MT472005.1	84.2	292	34	3	1	448	1	1338	-1	0
Otu3245	MT472005.1	84.2	292	36	3	1	450	1	1338	-1	0
Otu3246	MT472005.1	81.2	303	42	2	1	450	1	1338	-1	0
Otu3253	MT472005.1	83.9	292	35	3	1	448	1	1338	-1	0
Otu3261	MT472005.1	85.4	288	35	2	1	449	1	1338	-1	0
Otu3264	MT472005.1	84.2	292	37	3	1	450	1	1338	-1	0
Otu3276	MT472005.1	84.9	292	36	3	1	451	1	1338	-1	0
Otu3283	MT472005.1	83.0	288	22	2	1	450	1	1338	-1	0
Otu3271	MT472005.1	84.2	292	36	3	1	450	1	1338	-1	0
Otu3289	MT472005.1	81.7	301	42	2	1	450	1	1338	-1	0
Otu3287	MT472005.1	81.8	303	40	2	1	448	1	1338	-1	0
Otu3281	MT472005.1	84.2	292	36	3	1	449	1	1338	-1	0
Otu3291	MT472005.1	84.9	292	37	2	1	451	1	1338	-1	0
Otu3304	MT472005.1	84.6	292	35	3	1	449	1	1338	-1	0
Otu3326	MT472005.1	84.2	292	35	3	1	337	1	1338	-1	0
Otu3314	MT472005.1	81.3	305	40	2	1	449	1	1338	-1	0
Otu3313	MT472005.1	81.3	305	40	2	1	449	1	1338	-1	0
Otu3315	MT472005.1	84.9	292	36	3	1	451	1	1338	-1	0
Otu3332	MT472005.1	84.6	292	36	3	1	338	1	1338	-1	0
Otu3316	MT472005.1	80.3	314	33	3	1	449	1	1338	-1	0
Otu3323	MT472005.1	84.6	292	35	3	1	449	1	1338	-1	0
Otu3320	MT472005.1	84.2	292	36	3	1	449	1	1338	-1	0
Otu3327	MT472005.1	81.8	303	40	2	1	448	1	1338	-1	0
Otu3364	MT472005.1	82.5	302	39	2	1	338	1	1338	-1	0
Otu3351	MT472005.1	84.9	292	35	3	1	450	1	1338	-1	0
Otu3354	MT472005.1	84.4	289	42	3	1	449	1	1338	-1	0
Otu3361	MT472005.1	84.6	292	35	3	1	449	1	1338	-1	0
Otu3355	MT472005.1	86.8	288	33	2	1	449	1	1338	-1	0
Otu3370	MT472005.1	84.9	292	35	3	1	338	1	1338	-1	0
Otu3382	MT472005.1	82.1	302	40	2	1	337	1	1338	-1	0
Otu3363	MT472005.1	84.2	292	36	3	1	450	1	1338	-1	0
Otu3374	MT472005.1	84.1	301	35	3	1	451	1	1338	-1	0
Otu3381	MT472005.1	84.2	292	36	3	1	450	1	1338	-1	0
Otu3385	MT472005.1	81.9	299	43	2	1	448	1	1338	-1	0
Otu3409	MT472005.1	83.0	288	22	2	1	450	1	1338	-1	0
Otu3434	MT472005.1	84.2	292	35	3	1	337	1	1338	-1	0
Otu3416	MT472005.1	85.3	292	35	3	1	451	1	1338	-1	0
Otu3417	MT472005.1	84.2	292	36	3	1	450	1	1338	-1	0
Otu3423	MT472005.1	84.2	292	36	3	1	449	1	1338	-1	0
Otu3439	MT472005.1	84.2	292	36	3	1	449	1	1338	-1	0
Otu3452	MT472005.1	81.7	301	42	2	1	450	1	1338	-1	0
Otu3473	MT472005.1	81.5	292	42	4	1	337	1	1338	-1	0
Otu3481	MT472005.1	80.3	300	46	3	1	337	1	1338	-1	0
Otu3466	MT472005.1	85.3	292	35	3	1	451	1	1338	-1	0
Otu3468	MT472005.1	80.3	314	33	3	1	449	1	1338	-1	0
Otu3470	MT472005.1	83.7	288	29	1	1	450	1	1338	-1	0
Otu3476	MT472005.1	83.0	288	22	2	1	450	1	1338	-1	0
Otu3479	MT472005.1	83.3	288	21	2	1	449	1	1338	-1	0
Otu3485	MT472005.1	81.7	301	42	2	1	450	1	1338	-1	0
Otu3477	MT472005.1	84.6	292	35	3	1	449	1	1338	-1	0
Otu3487	MT472005.1	84.9	292	37	2	1	451	1	1338	-1	0
Otu3489	MT472005.1	84.6	292	35	3	1	449	1	1338	-1	0
Otu3497	MT472005.1	83.0	288	22	2	1	450	1	1338	-1	0
Otu3506	MT472005.1	84.2	292	35	3	1	449	1	1338	-1	0
Otu3507	MT472005.1	85.4	288	40	1	1	449	1	1338	-1	0
Otu3510	MT472005.1	87.5	288	33	2	1	451	1	1338	-1	0
Otu3515	MT472005.1	81.9	288	51	1	1	449	1	1338	-1	0
Otu3517	MT472005.1	87.2	288	32	2	1	451	1	1338	-1	0
Otu3550	MT472005.1	84.6	292	34	3	1	337	1	1338	-1	0
Otu3513	MT472005.1	84.2	292	37	3	1	450	1	1338	-1	0
Otu3535	MT472005.1	83.3	288	21	2	1	449	1	1338	-1	0
Otu3538	MT472005.1	84.2	292	36	3	1	450	1	1338	-1	0
Otu3558	MT472005.1	84.9	292	35	3	1	338	1	1338	-1	0
Otu3544	MT472005.1	81.8	303	40	2	1	448	1	1338	-1	0
Otu3545	MT472005.1	84.6	292	35	3	1	449	1	1338	-1	0
Otu3549	MT472005.1	83.3	288	21	2	1	449	1	1338	-1	0
Otu3547	MT472005.1	81.7	301	42	2	1	450	1	1338	-1	0
Otu3584	MT472005.1	85.3	292	35	3	1	451	1	1338	-1	0
Otu3616	MT472005.1	84.2	292	35	3	1	337	1	1338	-1	0
Otu3592	MT472005.1	81.8	303	40	2	1	450	1	1338	-1	0
Otu3614	MT472005.1	81.8	292	42	4	1	337	1	1338	-1	0
Otu3594	MT472005.1	84.9	292	36	3	1	451	1	1338	-1	0
Otu3601	MT472005.1	80.3	314	33	3	1	449	1	1338	-1	0
Otu3618	MT472005.1	84.9	292	35	3	1	338	1	1338	-1	0
Otu3598	MT472005.1	81.5	303	41	2	1	450	1	1338	-1	0
Otu3606	MT472005.1	84.9	292	34	3	1	449	1	1338	-1	0
Otu3607	MT472005.1	84.2	292	36	3	1	449	1	1338	-1	0
Otu3609	MT472005.1	84.2	292	36	3	1	450	1	1338	-1	0
Otu3612	MT472005.1	84.6	292	35	3	1	449	1	1338	-1	0
Otu3611	MT472005.1	84.9	292	37	2	1	451	1	1338	-1	0
Otu3613	MT472005.1	84.2	292	36	3	1	449	1	1338	-1	0
Otu3619	MT472005.1	85.3	292	36	2	1	451	1	1338	-1	0
Otu3620	MT472005.1	85.3	292	36	2	1	451	1	1338	-1	0
Otu3639	MT472005.1	85.5	290	37	2	1	449	1	1338	-1	0
Otu3670	MT472005.1	83.5	303	35	3	1	310	1	1338	-1	0
Otu3647	MT472005.1	85.3	292	34	3	1	450	1	1338	-1	0
Otu3676	MT472005.1	84.2	292	42	2	1	358	1	1338	-1	0
Otu3681	MT472005.1	84.9	292	35	3	1	338	1	1338	-1	0
Otu3689	MT472005.1	84.6	292	35	3	1	449	1	1338	-1	0
Otu3669	MT472005.1	84.2	292	36	3	1	450	1	1338	-1	0
Otu3686	MT472005.1	84.9	292	35	3	1	338	1	1338	-1	0
Otu3671	MT472005.1	84.9	292	36	3	1	450	1	1338	-1	0
Otu3699	MT472005.1	81.9	299	43	2	1	345	1	1338	-1	0
Otu3696	MT472005.1	84.9	292	34	3	1	449	1	1338	-1	0
Otu3702	MT472005.1	84.5	290	41	3	1	450	1	1338	-1	0
Otu3703	MT472005.1	81.7	301	42	2	1	450	1	1338	-1	0
Otu3706	MT472005.1	84.9	292	37	2	1	451	1	1338	-1	0
Otu3722	MT472005.1	84.8	289	35	2	1	448	1	1338	-1	0
Otu3727	MT472005.1	84.6	292	35	3	1	449	1	1338	-1	0
Otu3742	MT472005.1	84.9	292	36	3	1	451	1	1338	-1	0
Otu3760	MT472005.1	84.9	292	36	3	1	451	1	1338	-1	0
Otu3759	MT472005.1	85.3	292	35	3	1	451	1	1338	-1	0
Otu3758	MT472005.1	84.0	288	28	2	1	451	1	1338	-1	0
Otu3783	MT472005.1	84.9	292	35	3	1	338	1	1338	-1	0
Otu3700	MT472005.1	84.6	292	35	3	1	449	1	1338	-1	0
Otu3787	MT472005.1	84.2	292	36	3	1	449	1	1338	-1	0
Otu3790	MT472005.1	81.7	301	42	2	1	450	1	1338	-1	0
Otu3796	MT472005.1	84.9	292	37	2	1	451	1	1338	-1	0
Otu3817	MT472005.1	84.6	292	36	3	1	338	1	1338	-1	0
Otu3807	MT472005.1	84.6	292	35	3	1	449	1	1338	-1	0
Otu3823	MT472005.1	84.6	292	36	3	1	338	1	1338	-1	0
Otu3815	MT472005.1	84.2	292	34	3	1	448	1	1338	-1	0
Otu3818	MT472005.1	84.6	292	35	3	1	449	1	1338	-1	0
Otu3837	MT472005.1	86.8	288	31	3	1	449	1	1338	-1	0
Otu3840	MT472005.1	84.9	292	37	2	1	451	1	1338	-1	0
Otu3844	MT472005.1	83.0	288	22	2	1	450	1	1338	-1	0
Otu3847	MT472005.1	85.6	291	31	2	1	450	1	1338	-1	0
Otu3848	MT472005.1	84.9	292	36	3	1	451	1	1338	-1	0
Otu3868	MT472005.1	84.2	292	36	3	1	450	1	1338	-1	0
Otu3870	MT472005.1	84.6	292	35	3	1	449	1	1338	-1	0
Otu3875	MT472005.1	84.6	292	35	3	1	449	1	1338	-1	0
Otu3874	MT472005.1	81.0	305	41	1	1	451	1	1338	-1	0
Otu3882	MT472005.1	84.6	292	35	3	1	449	1	1338	-1	0
Otu3887	MT472005.1	81.9	299	43	2	1	448	1	1338	-1	0
Otu3892	MT472005.1	84.6	292	35	3	1	449	1	1338	-1	0
Otu3902	MT472005.1	81.2	303	42	2	1	450	1	1338	-1	0
Otu3945	MT472005.1	86.1	288	32	2	1	448	1	1338	-1	0
Otu3947	MT472005.1	86.8	288	31	3	1	449	1	1338	-1	0
Otu3956	MT472005.1	84.9	292	35	3	1	338	1	1338	-1	0
Otu3952	MT472005.1	84.6	292	35	3	1	450	1	1338	-1	0
Otu3957	MT472005.1	85.3	292	35	3	1	451	1	1338	-1	0
Otu3986	MT472005.1	83.0	288	22	2	1	450	1	1338	-1	0
Otu3987	MT472005.1	83.0	288	22	2	1	450	1	1338	-1	0
Otu3989	MT472005.1	84.5	290	41	3	1	450	1	1338	-1	0
Otu3992	MT472005.1	84.6	292	35	3	1	449	1	1338	-1	0
Otu3993	MT472005.1	84.2	292	36	3	1	449	1	1338	-1	0
Otu4006	MT472005.1	82.5	302	39	2	1	338	1	1338	-1	0
Otu4004	MT472005.1	81.7	301	42	2	1	450	1	1338	-1	0
Otu4005	MT472005.1	81.7	301	42	2	1	450	1	1338	-1	0
Otu4023	MT472005.1	81.9	299	43	2	1	448	1	1338	-1	0
Otu4020	MT472005.1	83.0	288	22	2	1	449	1	1338	-1	0
Otu4025	MT472005.1	81.2	303	42	2	1	450	1	1338	-1	0
Otu4085	MT472005.1	82.3	299	42	2	1	365	1	1338	-1	0
Otu4063	MT472005.1	84.6	292	34	3	1	449	1	1338	-1	0
Otu4069	MT472005.1	84.7	288	37	1	1	449	1	1338	-1	0
Otu4075	MT472005.1	83.3	288	36	1	1	452	1	1338	-1	0
Otu4087	MT472005.1	81.6	305	39	2	1	449	1	1338	-1	0
Otu4084	MT472005.1	81.8	302	41	2	1	449	1	1338	-1	0
Otu4093	MT472005.1	83.1	302	33	3	1	450	1	1338	-1	0
Otu4089	MT472005.1	85.3	292	35	3	1	451	1	1338	-1	0
Otu4088	MT472005.1	84.9	292	36	3	1	451	1	1338	-1	0
Otu4094	MT472005.1	83.0	288	22	2	1	450	1	1338	-1	0
Otu4100	MT472005.1	82.6	304	37	2	1	451	1	1338	-1	0
Otu4099	MT472005.1	82.2	304	38	2	1	451	1	1338	-1	0
Otu4102	MT472005.1	84.2	292	36	3	1	450	1	1338	-1	0
Otu4104	MT472005.1	83.0	288	22	2	1	449	1	1338	-1	0
Otu4098	MT472005.1	82.6	304	37	2	1	451	1	1338	-1	0
Otu4105	MT472005.1	84.2	292	36	3	1	449	1	1338	-1	0
Otu4103	MT472005.1	85.3	292	36	2	1	451	1	1338	-1	0
Otu4111	MT472005.1	84.6	292	36	3	1	450	1	1338	-1	0
Otu4116	MT472005.1	81.7	301	42	2	1	450	1	1338	-1	0
Otu4121	MT472005.1	85.3	292	36	2	1	451	1	1338	-1	0
Otu4120	MT472005.1	86.5	288	35	2	1	451	1	1338	-1	0
Otu4131	MT472005.1	84.2	292	34	3	1	448	1	1338	-1	0
Otu4144	MT472005.1	83.9	292	35	3	1	448	1	1338	-1	0
Otu4149	MT472005.1	84.9	292	34	3	1	449	1	1338	-1	0
Otu4151	MT472005.1	81.5	303	41	2	1	448	1	1338	-1	0
Otu4154	MT472005.1	84.2	292	36	3	1	449	1	1338	-1	0
Otu4170	MT472005.1	84.2	292	36	3	1	450	1	1338	-1	0
Otu4186	MT472005.1	84.9	292	35	3	1	338	1	1338	-1	0
Otu4168	MT472005.1	84.2	292	36	3	1	450	1	1338	-1	0
Otu4179	MT472005.1	85.3	292	35	3	1	450	1	1338	-1	0
Otu4181	MT472005.1	84.0	288	23	2	1	452	1	1338	-1	0
Otu4175	MT472005.1	84.2	291	43	1	1	453	1	1338	-1	0
Otu4192	MT472005.1	84.6	292	34	3	1	449	1	1338	-1	0
Otu4195	MT472005.1	80.5	303	44	1	1	450	1	1338	-1	0
Otu4212	MT472005.1	80.9	304	42	2	1	449	1	1338	-1	0
Otu4214	MT472005.1	84.9	292	35	3	1	338	1	1338	-1	0
Otu4207	MT472005.1	84.2	292	36	3	1	450	1	1338	-1	0
Otu4216	MT472005.1	82.9	304	36	2	1	451	1	1338	-1	0
Otu4225	MT472005.1	84.9	292	34	3	1	449	1	1338	-1	0
Otu4224	MT472005.1	84.9	292	34	3	1	449	1	1338	-1	0
Otu4259	MT472005.1	84.9	292	35	3	1	338	1	1338	-1	0
Otu4227	MT472005.1	85.1	288	34	2	1	447	1	1338	-1	0
Otu4228	MT472005.1	82.4	301	40	2	1	450	1	1338	-1	0
Otu4233	MT472005.1	84.9	292	37	2	1	451	1	1338	-1	0
Otu4256	MT472005.1	81.6	299	44	2	1	448	1	1338	-1	0
Otu4250	MT472005.1	85.3	292	36	2	1	451	1	1338	-1	0
Otu4253	MT472005.1	84.6	292	35	3	1	449	1	1338	-1	0
Otu4258	MT472005.1	83.3	288	36	1	1	452	1	1338	-1	0
Otu4299	MT472005.1	84.9	292	35	3	1	338	1	1338	-1	0
Otu4285	MT472005.1	84.2	292	34	3	1	448	1	1338	-1	0
Otu4290	MT472005.1	82.1	302	40	2	1	450	1	1338	-1	0
Otu4294	MT472005.1	84.6	292	35	3	1	449	1	1338	-1	0
Otu4295	MT472005.1	84.2	292	36	3	1	449	1	1338	-1	0
Otu4297	MT472005.1	82.3	299	42	2	1	448	1	1338	-1	0
Otu4306	MT472005.1	84.9	292	36	3	1	450	1	1338	-1	0
Otu4317	MT472005.1	85.3	292	36	2	1	451	1	1338	-1	0
Otu4321	MT472005.1	84.2	292	36	3	1	450	1	1338	-1	0
Otu4335	MT472005.1	81.5	303	41	2	1	450	1	1338	-1	0
Otu4337	MT472005.1	81.8	308	33	3	1	449	1	1338	-1	0
Otu4338	MT472005.1	81.6	305	39	2	1	449	1	1338	-1	0
Otu4344	MT472005.1	83.9	292	37	3	1	450	1	1338	-1	0
Otu4353	MT472005.1	80.9	304	42	2	1	449	1	1338	-1	0
Otu4358	MT472005.1	82.6	304	37	2	1	451	1	1338	-1	0
Otu4365	MT472005.1	84.9	292	35	3	1	338	1	1338	-1	0
Otu4367	MT472005.1	80.0	300	47	3	1	337	1	1338	-1	0
Otu4347	MT472005.1	84.6	292	35	3	1	450	1	1338	-1	0
Otu4375	MT472005.1	84.2	292	42	2	1	338	1	1338	-1	0
Otu4357	MT472005.1	84.9	292	34	3	1	449	1	1338	-1	0
Otu4362	MT472005.1	84.2	292	36	3	1	450	1	1338	-1	0
Otu4364	MT472005.1	84.9	292	37	2	1	451	1	1338	-1	0
Otu4370	MT472005.1	84.9	292	35	3	1	450	1	1338	-1	0
Otu4366	MT472005.1	84.5	290	35	2	1	449	1	1338	-1	0
Otu4376	MT472005.1	86.5	288	30	3	1	447	1	1338	-1	0
Otu4369	MT472005.1	84.6	292	36	3	1	450	1	1338	-1	0
Otu4385	MT472005.1	84.9	292	37	2	1	451	1	1338	-1	0
Otu4383	MT472005.1	84.2	292	36	3	1	449	1	1338	-1	0
Otu4382	MT472005.1	84.6	292	36	3	1	450	1	1338	-1	0
Otu4389	MT472005.1	83.0	288	22	2	1	450	1	1338	-1	0
Otu4405	MT472005.1	82.3	300	41	2	1	337	1	1338	-1	0
Otu4391	MT472005.1	84.9	292	37	2	1	451	1	1338	-1	0
Otu4395	MT472005.1	84.9	292	37	2	1	451	1	1338	-1	0
Otu4378	MT472005.1	83.3	288	36	1	1	452	1	1338	-1	0
Otu4413	MT472005.1	84.2	292	35	3	1	449	1	1338	-1	0
Otu4415	MT472005.1	80.3	314	33	3	1	449	1	1338	-1	0
Otu4416	MT472005.1	84.2	292	36	3	1	449	1	1338	-1	0
Otu4379	MT472005.1	85.3	293	35	3	1	452	1	1338	-1	0
Otu4463	MT472005.1	81.5	292	42	4	1	337	1	1338	-1	0
Otu4452	MT472005.1	84.6	292	36	3	1	450	1	1338	-1	0
Otu4450	MT472005.1	83.3	288	21	2	1	449	1	1338	-1	0
Otu4469	MT472005.1	84.9	292	35	3	1	338	1	1338	-1	0
Otu4468	MT472005.1	86.8	288	35	2	1	449	1	1338	-1	0
Otu4465	MT472005.1	84.2	292	35	3	1	449	1	1338	-1	0
Otu4484	MT472005.1	81.5	292	42	4	1	337	1	1338	-1	0
Otu4482	MT472005.1	81.5	303	41	2	1	450	1	1338	-1	0
Otu4507	MT472005.1	82.2	298	43	2	1	337	1	1338	-1	0
Otu4502	MT472005.1	80.3	314	33	3	1	449	1	1338	-1	0
Otu4501	MT472005.1	81.4	311	35	3	1	449	1	1338	-1	0
Otu4516	MT472005.1	84.2	292	36	3	1	450	1	1338	-1	0
Otu4517	MT472005.1	84.2	292	36	3	1	450	1	1338	-1	0
Otu4518	MT472005.1	84.6	292	35	3	1	450	1	1338	-1	0
Otu4534	MT472005.1	85.0	293	36	3	1	452	1	1338	-1	0
Otu4538	MT472005.1	81.8	303	40	2	1	448	1	1338	-1	0
Otu4550	MT472005.1	84.2	292	36	3	1	449	1	1338	-1	0
Otu4553	MT472005.1	81.8	302	41	2	1	450	1	1338	-1	0
Otu4567	MT472005.1	82.3	299	42	2	1	448	1	1338	-1	0
Otu4586	MT472005.1	85.1	288	39	1	1	451	1	1338	-1	0
Otu4601	MT472005.1	84.4	288	37	1	1	447	1	1338	-1	0
Otu4608	MT472005.1	84.6	292	35	3	1	449	1	1338	-1	0
Otu4617	MT472005.1	84.9	292	34	3	1	449	1	1338	-1	0
Otu4635	MT472005.1	86.1	288	36	2	1	451	1	1338	-1	0
Otu4643	MT472005.1	81.8	303	40	2	1	450	1	1338	-1	0
Otu4645	MT472005.1	85.3	293	35	3	1	452	1	1338	-1	0
Otu4657	MT472005.1	81.8	302	41	2	1	449	1	1338	-1	0
Otu4666	MT472005.1	84.9	292	37	2	1	451	1	1338	-1	0
Otu4670	MT472005.1	81.6	305	39	2	1	449	1	1338	-1	0
Otu4673	MT472005.1	81.3	305	40	2	1	449	1	1338	-1	0
Otu4686	MT472005.1	80.6	314	32	3	1	449	1	1338	-1	0
Otu4704	MT472005.1	84.6	292	35	3	1	449	1	1338	-1	0
Otu4706	MT472005.1	82.6	304	37	2	1	451	1	1338	-1	0
Otu4707	MT472005.1	82.9	304	36	2	1	451	1	1338	-1	0
Otu4705	MT472005.1	83.0	288	22	2	1	449	1	1338	-1	0
Otu4715	MT472005.1	84.6	292	35	3	1	450	1	1338	-1	0
Otu4737	MT472005.1	81.8	292	42	4	1	337	1	1338	-1	0
Otu4717	MT472005.1	84.6	292	38	2	1	451	1	1338	-1	0
Otu4724	MT472005.1	82.1	301	41	2	1	450	1	1338	-1	0
Otu4744	MT472005.1	84.9	292	35	3	1	338	1	1338	-1	0
Otu4739	MT472005.1	84.9	292	34	3	1	449	1	1338	-1	0
Otu4767	MT472005.1	84.6	292	36	3	1	338	1	1338	-1	0
Otu4762	MT472005.1	84.9	292	37	2	1	451	1	1338	-1	0
Otu4764	MT472005.1	84.6	292	35	3	1	449	1	1338	-1	0
Otu4774	MT472005.1	85.3	292	36	2	1	451	1	1338	-1	0
Otu4784	MT472005.1	84.2	292	36	3	1	449	1	1338	-1	0
Otu4785	MT472005.1	84.2	292	36	3	1	449	1	1338	-1	0
Otu4783	MT472005.1	82.3	299	42	1	1	449	1	1338	-1	0
Otu4826	MT472005.1	86.8	288	31	3	1	447	1	1338	-1	0
Otu4827	MT472005.1	86.5	288	30	3	1	447	1	1338	-1	0
Otu4829	MT472005.1	82.6	288	21	2	1	448	1	1338	-1	0
Otu4836	MT472005.1	82.6	304	35	3	1	450	1	1338	-1	0
Otu4839	MT472005.1	81.5	302	42	1	1	450	1	1338	-1	0
Otu4841	MT472005.1	84.6	292	35	3	1	449	1	1338	-1	0
Otu4842	MT472005.1	84.9	292	34	3	1	449	1	1338	-1	0
Otu4864	MT472005.1	82.2	292	41	4	1	337	1	1338	-1	0
Otu4865	MT472005.1	83.0	288	23	2	1	450	1	1338	-1	0
Otu4863	MT472005.1	84.6	292	36	3	1	450	1	1338	-1	0
Otu4868	MT472005.1	85.8	288	35	2	1	449	1	1338	-1	0
Otu4878	MT472005.1	85.0	293	36	3	1	452	1	1338	-1	0
Otu4884	MT472005.1	83.1	301	38	2	1	450	1	1338	-1	0
Otu4885	MT472005.1	84.9	292	36	3	1	451	1	1338	-1	0
Otu4907	MT472005.1	81.5	303	41	2	1	450	1	1338	-1	0
Otu4909	MT472005.1	84.2	292	36	3	1	450	1	1338	-1	0
Otu4919	MT472005.1	81.3	305	40	2	1	449	1	1338	-1	0
Otu4920	MT472005.1	81.8	308	33	3	1	449	1	1338	-1	0
Otu4923	MT472005.1	82.9	304	35	3	1	451	1	1338	-1	0
Otu4930	MT472005.1	85.3	292	35	3	1	450	1	1338	-1	0
Otu4939	MT472005.1	84.6	292	35	3	1	450	1	1338	-1	0
Otu4946	MT472005.1	82.2	297	44	1	1	450	1	1338	-1	0
Otu4971	MT472005.1	82.2	292	41	4	1	337	1	1338	-1	0
Otu4969	MT472005.1	84.9	292	34	3	1	449	1	1338	-1	0
Otu4970	MT472005.1	84.2	292	36	3	1	449	1	1338	-1	0
Otu4967	MT472005.1	84.6	292	35	3	1	450	1	1338	-1	0
Otu4980	MT472005.1	84.8	290	34	2	1	449	1	1338	-1	0
Otu4977	MT472005.1	84.9	292	34	3	1	449	1	1338	-1	0
Otu5000	MT472005.1	84.6	292	35	3	1	338	1	1338	-1	0
Otu4988	MT472005.1	83.0	288	22	2	1	450	1	1338	-1	0
Otu4998	MT472005.1	84.9	292	37	2	1	451	1	1338	-1	0
Otu5010	MT472005.1	82.7	301	39	2	1	450	1	1338	-1	0
Otu5011	MT472005.1	82.7	301	39	2	1	450	1	1338	-1	0
Otu5012	MT472005.1	82.7	301	39	2	1	450	1	1338	-1	0
Otu5016	MT472005.1	84.6	292	36	3	1	450	1	1338	-1	0
Otu5022	MT472005.1	84.6	292	36	3	1	450	1	1338	-1	0
Otu5031	MT472005.1	84.2	292	36	3	1	449	1	1338	-1	0
Otu5036	MT472005.1	84.9	292	37	2	1	451	1	1338	-1	0
Otu5039	MT472005.1	81.7	301	42	2	1	450	1	1338	-1	0
Otu5040	MT472005.1	81.7	301	42	2	1	450	1	1338	-1	0
Otu5056	MT472005.1	85.3	292	36	2	1	451	1	1338	-1	0
Otu5051	MT472005.1	84.9	292	36	3	1	450	1	1338	-1	0
Otu5059	MT472005.1	82.2	304	36	3	1	450	1	1338	-1	0
Otu5068	MT472005.1	84.9	292	37	2	1	451	1	1338	-1	0
Otu5090	MT472005.1	81.8	292	42	4	1	337	1	1338	-1	0
Otu5111	MT472005.1	84.6	292	35	3	1	449	1	1338	-1	0
Otu5133	MT472005.1	86.1	288	31	3	1	447	1	1338	-1	0
Otu5159	MT472005.1	80.1	301	46	3	1	337	1	1338	-1	0
Otu5136	MT472005.1	84.0	288	38	1	1	447	1	1338	-1	0
Otu5142	MT472005.1	84.6	292	36	3	1	450	1	1338	-1	0
Otu5164	MT472005.1	81.8	292	42	4	1	337	1	1338	-1	0
Otu5152	MT472005.1	84.6	292	35	3	1	449	1	1338	-1	0
Otu5153	MT472005.1	81.5	303	41	2	1	448	1	1338	-1	0
Otu5162	MT472005.1	85.5	290	37	2	1	449	1	1338	-1	0
Otu5166	MT472005.1	84.2	292	36	3	1	449	1	1338	-1	0
Otu5186	MT472005.1	84.6	292	36	3	1	450	1	1338	-1	0
Otu5185	MT472005.1	84.2	292	37	3	1	450	1	1338	-1	0
Otu5190	MT472005.1	84.2	292	36	3	1	450	1	1338	-1	0
Otu5206	MT472005.1	84.4	288	38	1	1	449	1	1338	-1	0
Otu5208	MT472005.1	84.9	292	36	3	1	450	1	1338	-1	0
Otu5210	MT472005.1	85.0	293	36	3	1	452	1	1338	-1	0
Otu5209	MT472005.1	83.7	288	24	2	1	452	1	1338	-1	0
Otu5220	MT472005.1	85.3	292	36	2	1	451	1	1338	-1	0
Otu5225	MT472005.1	85.1	288	37	1	1	450	1	1338	-1	0
Otu5222	MT472005.1	85.4	288	42	0	1	450	1	1338	-1	0
Otu5230	MT472005.1	80.1	301	46	3	1	337	1	1338	-1	0
Otu5226	MT472005.1	85.1	288	37	1	1	450	1	1338	-1	0
Otu5228	MT472005.1	84.6	292	37	3	1	451	1	1338	-1	0
Otu5229	MT472005.1	84.6	292	37	3	1	451	1	1338	-1	0
Otu5231	MT472005.1	84.9	292	36	3	1	451	1	1338	-1	0
Otu5232	MT472005.1	84.9	292	36	3	1	451	1	1338	-1	0
Otu5233	MT472005.1	84.6	292	36	3	1	450	1	1338	-1	0
Otu5257	MT472005.1	80.4	301	45	3	1	337	1	1338	-1	0
Otu5243	MT472005.1	81.7	301	42	2	1	450	1	1338	-1	0
Otu5249	MT472005.1	84.9	292	37	2	1	451	1	1338	-1	0
Otu5250	MT472005.1	85.3	292	36	2	1	451	1	1338	-1	0
Otu5267	MT472005.1	80.1	301	46	3	1	337	1	1338	-1	0
Otu5258	MT472005.1	82.2	304	37	3	1	451	1	1338	-1	0
Otu5259	MT472005.1	80.9	303	43	1	1	451	1	1338	-1	0
Otu5261	MT472005.1	85.3	292	35	3	1	450	1	1338	-1	0
Otu5265	MT472005.1	84.9	292	36	3	1	451	1	1338	-1	0
Otu5266	MT472005.1	84.9	292	36	3	1	451	1	1338	-1	0
Otu5272	MT472005.1	80.3	314	33	3	1	449	1	1338	-1	0
Otu5268	MT472005.1	84.6	292	37	3	1	451	1	1338	-1	0
Otu5274	MT472005.1	80.3	314	33	3	1	449	1	1338	-1	0
Otu5284	MT472005.1	83.1	302	33	3	1	450	1	1338	-1	0
Otu5287	MT472005.1	84.6	292	35	3	1	450	1	1338	-1	0
Otu5279	MT472005.1	83.0	288	22	2	1	450	1	1338	-1	0
Otu5297	MT472005.1	84.6	292	35	3	1	450	1	1338	-1	0
Otu5298	MT472005.1	84.6	292	35	3	1	450	1	1338	-1	0
Otu5303	MT472005.1	85.4	288	36	2	1	450	1	1338	-1	0
Otu5299	MT472005.1	84.2	292	36	3	1	449	1	1338	-1	0
Otu5309	MT472005.1	84.8	290	34	2	1	449	1	1338	-1	0
Otu5305	MT472005.1	84.2	292	36	3	1	449	1	1338	-1	0
Otu5308	MT472005.1	84.9	292	36	3	1	450	1	1338	-1	0
Otu5307	MT472005.1	84.9	292	36	3	1	450	1	1338	-1	0
Otu5323	MT472005.1	84.2	292	36	3	1	450	1	1338	-1	0
Otu5322	MT472005.1	84.6	292	35	3	1	450	1	1338	-1	0
Otu5325	MT472005.1	85.3	292	35	3	1	450	1	1338	-1	0
Otu5324	MT472005.1	84.9	292	36	3	1	450	1	1338	-1	0
Otu5342	MT472005.1	82.2	292	41	4	1	337	1	1338	-1	0
Otu5327	MT472005.1	84.6	292	35	3	1	450	1	1338	-1	0
Otu5333	MT472005.1	83.0	288	22	2	1	449	1	1338	-1	0
Otu5336	MT472005.1	85.1	288	34	2	1	447	1	1338	-1	0
Otu5339	MT472005.1	82.6	304	34	3	1	450	1	1338	-1	0
Otu5338	MT472005.1	82.1	302	39	2	1	450	1	1338	-1	0
Otu5337	MT472005.1	84.4	289	42	3	1	449	1	1338	-1	0
Otu5346	MT472005.1	84.9	292	37	2	1	451	1	1338	-1	0
Otu5343	MT472005.1	84.6	292	36	3	1	450	1	1338	-1	0
Otu5348	MT472005.1	84.9	292	37	2	1	451	1	1338	-1	0
Otu5347	MT472005.1	84.9	292	37	2	1	451	1	1338	-1	0
Otu5340	MT472005.1	82.4	301	40	2	1	450	1	1338	-1	0
Otu5350	MT472005.1	84.6	292	35	3	1	449	1	1338	-1	0
Otu5353	MT472005.1	84.9	292	35	3	1	450	1	1338	-1	0
Otu5362	MT472005.1	84.6	292	35	3	1	449	1	1338	-1	0
Otu5361	MT472005.1	84.2	292	36	3	1	449	1	1338	-1	0
Otu5366	MT472005.1	84.6	292	35	3	1	449	1	1338	-1	0
Otu5374	MT472005.1	84.6	292	35	3	1	450	1	1338	-1	0
Otu5377	MT472005.1	84.4	288	29	2	1	452	1	1338	-1	0
Otu5382	MT472005.1	84.6	292	38	2	1	451	1	1338	-1	0
Otu5381	MT472005.1	85.3	292	36	2	1	451	1	1338	-1	0
Otu5387	MT472005.1	82.9	304	34	3	1	450	1	1338	-1	0
Otu5403	MT472005.1	84.9	292	37	2	1	451	1	1338	-1	0
Otu5415	MT472005.1	84.6	292	35	3	1	449	1	1338	-1	0
Otu5421	MT472005.1	84.6	292	33	3	1	448	1	1338	-1	0
Otu5441	MT472005.1	80.6	314	32	3	1	449	1	1338	-1	0
Otu5447	MT472005.1	84.9	292	37	2	1	451	1	1338	-1	0
Otu5454	MT472005.1	84.6	292	35	3	1	449	1	1338	-1	0
Otu5488	MT472005.1	85.1	288	34	2	1	447	1	1338	-1	0
Otu5487	MT472005.1	86.1	288	31	3	1	447	1	1338	-1	0
Otu5491	MT472005.1	86.5	288	30	3	1	447	1	1338	-1	0
Otu5493	MT472005.1	85.1	288	34	2	1	447	1	1338	-1	0
Otu5507	MT472005.1	81.2	292	43	4	1	337	1	1338	-1	0
Otu5497	MT472005.1	81.6	299	44	2	1	448	1	1338	-1	0
Otu5496	MT472005.1	83.0	288	22	2	1	450	1	1338	-1	0
Otu5499	MT472005.1	84.6	292	36	3	1	450	1	1338	-1	0
Otu5500	MT472005.1	84.6	292	36	3	1	450	1	1338	-1	0
Otu5514	MT472005.1	82.1	302	40	2	1	450	1	1338	-1	0
Otu5519	MT472005.1	83.3	288	21	2	1	449	1	1338	-1	0
Otu5533	MT472005.1	82.3	299	42	2	1	448	1	1338	-1	0
Otu5527	MT472005.1	83.0	288	22	2	1	449	1	1338	-1	0
Otu5532	MT472005.1	82.3	299	42	2	1	448	1	1338	-1	0
Otu5534	MT472005.1	81.9	299	43	2	1	448	1	1338	-1	0
Otu5538	MT472005.1	84.9	292	35	3	1	450	1	1338	-1	0
Otu5539	MT472005.1	83.7	288	24	2	1	452	1	1338	-1	0
Otu5554	MT472005.1	85.3	292	35	3	1	450	1	1338	-1	0
Otu5555	MT472005.1	84.9	292	36	3	1	450	1	1338	-1	0
Otu5556	MT472005.1	84.9	292	36	3	1	450	1	1338	-1	0
Otu5565	MT472005.1	85.3	292	34	3	1	450	1	1338	-1	0
Otu5573	MT472005.1	84.6	292	36	3	1	450	1	1338	-1	0
Otu5594	MT472005.1	84.1	289	43	3	1	449	1	1338	-1	0
Otu5599	MT472005.1	85.8	288	33	2	1	448	1	1338	-1	0
Otu5588	MT472005.1	84.2	292	36	3	1	450	1	1338	-1	0
Otu5590	MT472005.1	84.6	292	35	3	1	450	1	1338	-1	0
Otu5593	MT472005.1	84.2	292	36	3	1	450	1	1338	-1	0
Otu5597	MT472005.1	84.1	289	43	3	1	449	1	1338	-1	0
Otu5603	MT472005.1	84.9	292	37	2	1	451	1	1338	-1	0
Otu5616	MT472005.1	85.1	288	37	1	1	450	1	1338	-1	0
Otu5618	MT472005.1	84.9	292	36	3	1	451	1	1338	-1	0
Otu5637	MT472005.1	84.6	292	41	2	1	358	1	1338	-1	0
Otu5629	MT472005.1	81.5	302	42	2	1	449	1	1338	-1	0
Otu5630	MT472005.1	80.5	302	45	1	1	449	1	1338	-1	0
Otu5657	MT472005.1	85.3	292	36	2	1	451	1	1338	-1	0
Otu5658	MT472005.1	85.3	292	36	2	1	451	1	1338	-1	0
Otu5664	MT472005.1	84.9	292	37	2	1	451	1	1338	-1	0
Otu5666	MT472005.1	85.3	292	36	2	1	451	1	1338	-1	0
Otu5674	MT472005.1	81.8	303	40	2	1	451	1	1338	-1	0
Otu5675	MT472005.1	81.8	303	40	2	1	451	1	1338	-1	0
Otu5667	MT472005.1	84.9	292	37	2	1	451	1	1338	-1	0
Otu5676	MT472005.1	81.8	303	40	2	1	451	1	1338	-1	0
Otu5683	MT472005.1	84.6	292	34	3	1	449	1	1338	-1	0
Otu5690	MT472005.1	85.3	292	35	3	1	450	1	1338	-1	0
Otu5696	MT472005.1	80.6	314	32	3	1	449	1	1338	-1	0
Otu5697	MT472005.1	81.4	311	35	3	1	449	1	1338	-1	0
Otu5706	MT472005.1	84.2	292	36	3	1	450	1	1338	-1	0
Otu5707	MT472005.1	84.2	292	36	3	1	450	1	1338	-1	0
Otu5708	MT472005.1	84.5	304	31	4	1	450	1	1338	-1	0
Otu5710	MT472005.1	84.5	304	31	4	1	450	1	1338	-1	0
Otu5731	MT472005.1	84.6	292	35	3	1	450	1	1338	-1	0
Otu5735	MT472005.1	84.6	292	35	3	1	449	1	1338	-1	0
Otu5730	MT472005.1	84.2	292	36	3	1	450	1	1338	-1	0
Otu5734	MT472005.1	84.2	292	36	3	1	449	1	1338	-1	0
Otu5741	MT472005.1	82.6	304	37	2	1	451	1	1338	-1	0
Otu5748	MT472005.1	84.6	292	35	3	1	449	1	1338	-1	0
Otu5768	MT472005.1	81.5	292	42	4	1	337	1	1338	-1	0
Otu5750	MT472005.1	84.2	292	36	3	1	449	1	1338	-1	0
Otu5749	MT472005.1	83.0	288	22	2	1	449	1	1338	-1	0
Otu5740	MT472005.1	82.9	304	36	2	1	451	1	1338	-1	0
Otu5770	MT472005.1	84.6	292	35	3	1	449	1	1338	-1	0
Otu5769	MT472005.1	84.6	292	35	3	1	449	1	1338	-1	0
Otu5774	MT472005.1	84.6	292	35	3	1	450	1	1338	-1	0
Otu5777	MT472005.1	85.3	292	36	2	1	451	1	1338	-1	0
Otu5776	MT472005.1	84.9	292	37	2	1	451	1	1338	-1	0
Otu5780	MT472005.1	84.9	292	34	3	1	449	1	1338	-1	0
Otu5793	MT472005.1	84.9	292	35	3	1	338	1	1338	-1	0
Otu5786	MT472005.1	84.2	292	34	3	1	448	1	1338	-1	0
Otu5784	MT472005.1	85.1	288	34	2	1	447	1	1338	-1	0
Otu5794	MT472005.1	86.8	288	33	2	1	451	1	1338	-1	0
Otu5792	MT472005.1	84.9	292	35	3	1	450	1	1338	-1	0
Otu5798	MT472005.1	85.0	293	36	3	1	452	1	1338	-1	0
Otu5803	MT472005.1	84.6	292	36	3	1	450	1	1338	-1	0
Otu5800	MT472005.1	83.7	288	24	2	1	452	1	1338	-1	0
Otu5801	MT472005.1	85.3	293	35	3	1	452	1	1338	-1	0
Otu5815	MT472005.1	81.8	303	40	2	1	448	1	1338	-1	0
Otu5823	MT472005.1	84.9	292	34	3	1	449	1	1338	-1	0
Otu5834	MT472005.1	81.9	299	43	2	1	448	1	1338	-1	0
Otu5835	MT472005.1	85.3	292	36	2	1	451	1	1338	-1	0
Otu5857	MT472005.1	81.8	292	42	4	1	337	1	1338	-1	0
Otu5847	MT472005.1	83.9	292	37	3	1	450	1	1338	-1	0
Otu5851	MT472005.1	84.6	292	37	3	1	450	1	1338	-1	0
Otu5853	MT472005.1	84.9	292	37	2	1	451	1	1338	-1	0
Otu5859	MT472005.1	84.2	292	36	3	1	449	1	1338	-1	0
Otu5862	MT472005.1	82.7	301	39	2	1	449	1	1338	-1	0
Otu5877	MT472005.1	84.6	292	38	2	1	451	1	1338	-1	0
Otu5882	MT472005.1	85.3	292	36	2	1	451	1	1338	-1	0
Otu5885	MT472005.1	85.3	292	36	2	1	451	1	1338	-1	0
Otu5884	MT472005.1	84.9	292	37	2	1	451	1	1338	-1	0
Otu5918	MT472005.1	81.2	292	43	4	1	337	1	1338	-1	0
Otu5910	MT472005.1	84.2	292	36	3	1	449	1	1338	-1	0
Otu5934	MT472005.1	84.9	292	35	3	1	338	1	1338	-1	0
Otu5925	MT472005.1	84.9	292	37	2	1	451	1	1338	-1	0
Otu5941	MT472005.1	80.9	314	33	3	1	451	1	1338	-1	0
Otu5942	MT472005.1	80.6	314	34	3	1	451	1	1338	-1	0
Otu5949	MT472005.1	84.9	292	37	2	1	451	1	1338	-1	0
Otu5956	MT472005.1	85.1	288	34	2	1	447	1	1338	-1	0
Otu5957	MT472005.1	85.1	288	34	2	1	447	1	1338	-1	0
Otu6016	MT472005.1	81.8	292	42	4	1	337	1	1338	-1	0
Otu6009	MT472005.1	84.9	292	35	3	1	450	1	1338	-1	0
Otu6007	MT472005.1	81.9	299	43	2	1	448	1	1338	-1	0
Otu6017	MT472005.1	84.6	292	35	3	1	449	1	1338	-1	0
Otu6021	MT472005.1	84.2	292	36	3	1	450	1	1338	-1	0
Otu6028	MT472005.1	84.6	292	34	3	1	449	1	1338	-1	0
Otu6020	MT472005.1	84.6	292	35	3	1	450	1	1338	-1	0
Otu6032	MT472005.1	82.9	304	34	3	1	450	1	1338	-1	0
Otu6036	MT472005.1	84.6	292	35	3	1	449	1	1338	-1	0
Otu6045	MT472005.1	84.2	292	36	3	1	449	1	1338	-1	0
Otu6052	MT472005.1	82.6	299	41	2	1	448	1	1338	-1	0
Otu6071	MT472005.1	84.6	292	36	3	1	450	1	1338	-1	0
Otu6072	MT472005.1	84.9	292	35	3	1	450	1	1338	-1	0
Otu6086	MT472005.1	85.3	292	34	3	1	450	1	1338	-1	0
Otu6088	MT472005.1	84.6	292	36	3	1	450	1	1338	-1	0
Otu6089	MT472005.1	84.6	292	36	3	1	450	1	1338	-1	0
Otu6087	MT472005.1	84.9	292	35	3	1	450	1	1338	-1	0
Otu6104	MT472005.1	84.9	292	35	3	1	450	1	1338	-1	0
Otu6105	MT472005.1	85.3	292	34	3	1	450	1	1338	-1	0
